-2.27556
-0.160512
2.00685
0.05
-0.646452
0.0412666
1.45
-0.367508
-0.953154
-0.666699
-1.39905
3.05
-0.425185
3
-0.604253
-0.116326
3.4
1.93701
0.103917
1.95
-0.219482
0.626375
1.94991
0.210205
1.26106
-1.31487
1.17198
-1.75563
3.6
2.0922
0.92023
0.88286
2.6
-2.29368
0.113051
3.2
-2.04447
1.01962
4.25
-1.97498
4.1
0.412627
0.639248
-0.854725
-0.399854
-0.315023
-1.20773
-0.051373
0.883074
0.953663
0.417781
-0.201964
1.49213
-0.35064
0.942185
-0.317688
-0.0209356
-1.35496
0.180048
0.514897
-0.447698
-0.73509
-1.19401
0.766782
0.339251
-0.947261
0.161395
1.5976
-1.55427
-0.273182
0.705272
0.0285499
0.00807512
-2.10232
-0.90117
0.842445
0.540623
-0.380978
-1.16699
-0.981721
-0.865575
-0.413884
-1.39102
-0.724747
1.91698
-0.808383
2.53043
0.567822
1.14636
1.21768
1.77404
-0.985366
0.998329
-1.76656
0.611886
0.598893
0.972553
-1.22435
0.683344
-0.44837
0.0217888
-0.775387
-0.0728462
1.73621
-0.416993
2.49605
-0.0214006
-0.415138
-1.18346
-0.512926
0.276564
0.277247
-0.23267
-0.587257
-0.160758
-1.04764
-0.607075
-0.242193
-1.13891
0.870191
