-1.75518
-1.25878
-0.828498
-0.553765
0.707389
-1.89759
0.652021
1.30707
1.22619
-1.81539
1.03557
1.30405
1.16615
-0.300748
-0.472414
0.279292
0.644906
-0.116168
0.814316
-0.771371
1.36229
1.03713
1.47448
-0.670444
-1.4243
1.00423
0.805487
-0.0687792
-1.22743
-0.67291
-1.34548
1.26463
-0.538153
0.0158622
-1.48943
-0.18839
-1.16815
0.960481
-1.6235
0.705826
-0.618731
-0.188308
-0.564287
-1.95129
-0.604035
0.350692
0.0760374
0.333725
1.12987
1.28927
0.787289
-1.09889
0.243704
0.0889742
2.95644
-0.0460105
-0.42795
0.379681
-0.434654
-0.655047
-0.632763
0.110314
-0.86911
0.670825
-1.38934
0.259824
-0.3556
1.44731
0.0453882
-0.672326
0.881451
-0.644086
-0.692562
0.519123
-1.63325
-0.443883
0.0501136
-2.12515
-0.37678
2.46645
-0.393917
0.391254
-0.463049
-2.35278
-0.72566
0.433303
0.857211
-1.15478
0.22862
0.926056
0.220376
-0.125967
-0.000581794
-0.0508963
0.336894
0.197142
0.118223
-0.562194
-1.06146
-1.37996
-1.50105
1.28587
-0.386868
0.665771
0.108703
-0.96262
-0.348895
-1.36381
0.368014
1.04063
-2.15478
0.940583
1.63753
0.498174
-0.69372
0.490592
0.345139
1.05091
1.69205
-0.251813
