-2.27556
-0.160512
1.05
-2.17962
-0.646452
0.0412666
2.8
-0.367508
-0.7
-0.666699
-1.39905
0.516851
-0.425185
-0.544742
0.95
-0.116326
1.05
1.93701
0.103917
-1.95826
-0.219482
0.626375
3.45
0.210205
1.26106
-1.31487
1.17198
-1.75563
-0.688685
2.0922
0.92023
0.88286
0.253711
-2.29368
0.113051
-0.0793131
-2.04447
1.01962
-0.340883
-1.97498
0.90568
-0.654672
1.89923
1.13268
-0.224187
1.16974
-1.21456
1.35958
-0.911864
0.772983
-1.11452
0.00611874
0.216098
-0.211072
0.436399
2.61554
0.501854
-0.742232
1.3924
-0.0785886
0.269922
0.986675
-0.763988
-0.603311
-0.542359
0.188907
-0.358709
2.37698
-0.325446
-0.336021
-0.871821
-0.201426
1.08062
0.325742
0.743522
0.68409
0.401444
0.439566
-0.871824
0.383658
0.139844
-0.243136
1.60909
-0.469024
1.30699
0.675315
-0.025289
1.23526
-1.19241
0.750497
-1.06213
1.06731
0.708599
0.358712
-0.365304
0.712665
0.501433
0.264232
-0.875435
-0.812606
-1.34895
0.344152
0.758122
-2.1778
-0.537525
-1.11898
-0.989791
-1.63862
-0.569458
-0.185953
0.0183286
0.0881946
-0.599967
2.82452
0.499054
2.72153
-1.00465
0.240274
0.180629
1.06402
