-2.27556
-0.160512
1.05
1.1
-0.646452
2.25
0.85
-0.95
1.45
2.15
-1.39905
0.516851
1.9
1.35
0.95
-0.116326
1.05
1.93701
0.103917
1.65
-1
2.6
-1.05
0.210205
2.6
-0.55
2.75
2.8
2.6
2.0922
0.92023
-1.15
0.253711
2.9
0.113051
1.1
2.55
2.95
-1.2
0.2
-1.1
-0.190755
-0.738632
0.427387
-0.231025
-1.86882
-0.638551
-0.0122859
-2.95521
-0.877482
-0.230362
0.163192
-0.640632
1.18175
-0.167221
0.470645
-1.70096
-1.6802
-0.348496
-1.1133
0.812574
-0.689113
0.272475
0.443257
-0.401694
0.194676
-0.214688
1.75624
0.894475
-0.48804
-0.207814
-0.0651088
1.41389
-0.931753
-0.140334
0.473327
-2.13008
0.586052
0.275898
0.0473734
-0.222025
0.867927
0.83929
0.775059
0.00363085
-1.12957
-0.179386
0.895746
0.664881
-0.14649
1.65319
-2.26242
0.975341
-0.547926
1.60385
-0.157606
0.587548
-0.59245
1.23055
1.54863
-0.229587
-1.26633
-2.18468
-0.788797
-0.567627
2.4742
1.11355
0.855539
-1.12428
-0.304843
-0.405136
-0.000187971
1.30665
0.128166
-2.21702
-0.49056
1.2584
-0.0227435
-1.14959
1.04426
